100
102.400002
358 451 3
358 481 3
358 512 3
358 543 3
358 573 3
389 420 3
389 451 3
389 481 3
389 512 3
389 543 3
389 573 3
389 604 3
420 389 3
420 420 3
420 451 3
420 481 3
420 512 3
420 543 3
420 573 3
420 604 3
420 635 3
451 358 3
451 389 3
451 420 3
451 451 3
451 481 3
451 512 3
451 543 3
451 573 3
451 604 3
451 635 3
451 666 3
481 358 3
481 389 3
481 420 3
481 451 3
481 481 3
481 512 3
481 543 3
481 573 3
481 604 3
481 635 3
481 666 3
512 358 3
512 389 3
512 420 3
512 451 3
512 481 3
512 512 3
512 543 3
512 573 3
512 604 3
512 635 3
512 666 3
543 358 3
543 389 3
543 420 3
543 451 3
543 481 3
543 512 3
543 543 3
543 573 3
543 604 3
543 635 3
543 666 3
573 358 3
573 389 3
573 420 3
573 451 3
573 481 3
573 512 3
573 543 3
573 573 3
573 604 3
573 635 3
573 666 3
604 389 3
604 420 3
604 451 3
604 481 3
604 512 3
604 543 3
604 573 3
604 604 3
604 635 3
635 420 3
635 451 3
635 481 3
635 512 3
635 543 3
635 573 3
635 604 3
666 451 3
666 481 3
666 512 3
666 543 3
666 573 3
