100
102.400002
530 512 1
503 528 1
503 496 1
561 512 1
487 555 1
487 469 1
592 512 1
472 581 1
472 443 1
623 512 1
457 608 1
457 416 1
653 512 1
441 634 1
441 390 1
684 512 1
426 661 1
426 363 1
715 512 1
411 688 1
411 336 1
746 512 1
395 714 1
395 310 1
776 512 1
380 741 1
380 283 1
807 512 1
364 768 1
364 256 1
838 512 1
349 794 1
349 230 1
869 512 1
334 821 1
334 203 1
899 512 1
318 847 1
318 177 1
930 512 1
303 874 1
303 150 1
961 512 1
288 901 1
288 123 1
991 512 1
272 927 1
272 97 1
1022 512 1
257 954 1
257 70 1
1053 512 1
242 980 1
242 44 1
1084 512 1
226 1007 1
226 17 1
1114 512 1
211 1034 1
211 -10 1
1145 512 1
195 1060 1
195 -36 1
1176 512 1
180 1087 1
180 -63 1
1207 512 1
165 1114 1
165 -90 1
1237 512 1
149 1140 1
149 -116 1
1268 512 1
134 1167 1
134 -143 1
1299 512 1
119 1193 1
119 -169 1
1330 512 1
103 1220 1
103 -196 1
1360 512 1
88 1247 1
88 -223 1
1391 512 1
73 1273 1
73 -249 1
1422 512 1
57 1300 1
57 -276 1
1452 512 1
42 1326 1
42 -302 1
1483 512 1
26 1353 1
26 -329 1
1514 512 1
11 1380 1
11 -356 1
