100
102.400002
547 512 3
534 540 3
504 547 3
480 527 3
480 497 3
504 477 3
534 484 3
578 512 3
571 543 3
550 567 3
520 578 3
488 574 3
462 556 3
448 528 3
448 496 3
462 468 3
488 450 3
520 446 3
550 457 3
571 481 3
609 512 3
604 544 3
589 572 3
565 594 3
536 606 3
504 609 3
473 601 3
446 584 3
426 558 3
416 528 3
416 496 3
426 466 3
446 440 3
473 423 3
504 415 3
536 418 3
565 430 3
589 452 3
604 480 3
640 512 3
636 544 3
625 574 3
606 600 3
581 620 3
552 634 3
520 640 3
488 638 3
457 628 3
430 611 3
408 587 3
393 559 3
385 528 3
385 496 3
393 465 3
408 437 3
430 413 3
457 396 3
488 386 3
520 384 3
552 390 3
581 404 3
606 424 3
625 450 3
636 480 3
671 512 3
668 544 3
658 575 3
643 603 3
622 628 3
596 647 3
567 661 3
536 670 3
504 671 3
472 666 3
442 655 3
414 638 3
391 616 3
373 589 3
360 560 3
353 528 3
353 496 3
360 464 3
373 435 3
391 408 3
414 386 3
442 369 3
472 358 3
504 353 3
536 354 3
567 363 3
596 377 3
622 396 3
643 421 3
658 449 3
668 480 3
512 512 3
