100
102.400002
996 512 3
995 543 3
992 573 3
988 604 3
981 634 3
972 663 3
962 692 3
949 720 3
935 747 3
919 774 3
902 799 3
883 823 3
863 846 3
841 868 3
817 888 3
793 907 3
767 924 3
741 939 3
713 953 3
685 964 3
656 974 3
626 983 3
596 989 3
566 993 3
535 996 3
504 996 3
474 995 3
443 991 3
413 986 3
383 979 3
354 970 3
325 959 3
297 946 3
270 931 3
244 915 3
219 897 3
195 878 3
172 857 3
151 835 3
131 811 3
113 787 3
96 761 3
82 734 3
68 706 3
57 678 3
47 648 3
40 619 3
34 589 3
30 558 3
28 527 3
28 497 3
30 466 3
34 435 3
40 405 3
47 376 3
57 346 3
68 318 3
82 290 3
96 263 3
113 237 3
131 213 3
151 189 3
172 167 3
195 146 3
219 127 3
244 109 3
270 93 3
297 78 3
325 65 3
354 54 3
383 45 3
413 38 3
443 33 3
474 29 3
504 28 3
535 28 3
566 31 3
596 35 3
626 41 3
656 50 3
685 60 3
713 71 3
741 85 3
767 100 3
793 117 3
817 136 3
841 156 3
863 178 3
883 201 3
902 225 3
919 250 3
935 277 3
949 304 3
962 332 3
972 361 3
981 390 3
988 420 3
992 451 3
995 481 3
